10 10 Y
0 0 85 72 38
0 1 69 65 68
0 2 22 49 67 51
0 3 63 87 66 24 80
0 4 71 60
0 5 52 90 60 49
0 6 23 99
0 7 11 25 24 51 15
0 8 39 67 97 19 76
0 9 33 99 18 92
1 0 74 0 95 71 39
1 1 39 32 37
1 2 57 71 95
1 3 71 24 86 8 51
1 4 74 24 75 70
1 5 63 29 99 58
1 6 52 13 35
1 7 46 57 71 23 17
1 8 94 48
1 9 18 83
2 0 83 25 59 62 2
2 1 86 7 94
2 2 80 32 39 84
2 3 65 72 61
2 4 84 8
2 5 12 19 47
2 6 49 59
2 7 52 34 22
2 8 20 92 33 80 39
2 9 9 28 97
3 0 93 29 25 4 66
3 1 81 98 21
3 2 62 82 4
3 3 100 34 1 51
3 4 92 69
3 5 39 38 97 51
3 6 35 19 22
3 7 67 9 90
3 8 82 11
3 9 84 78
4 0 74 42 100 88 53
4 1 57 62 32 51 48
4 2 92 46 4 61 31
4 3 69 52 88
4 4 68 41 48 79
4 5 98 56
4 6 73 3
4 7 100 87
4 8 41 79 64
4 9 63 1 21
5 0 24 9 75 51 25
5 1 77 0 52 30
5 2 93 32 89
5 3 89 55
5 4 79 40
5 5 64 80 30 19
5 6 67 98
5 7 8 32 57 27
5 8 1 38 89 52
5 9 43 8 2
6 0 82 20 67
6 1 43 22 95
6 2 48 25
6 3 75 86
6 4 3 85 43 69 93
6 5 61 53 81 43 84
6 6 15 34
6 7 35 26 28
6 8 67 19 79 19
6 9 8 13
7 0 0 86 68 18 47
7 1 3 16
7 2 0 18 39 22 5
7 3 65 70 21
7 4 66 65 14
7 5 46 46 21 32
7 6 35 86 6 67
7 7 42 71 14 77
7 8 3 1 14
7 9 71 82 41
8 0 12 5 77 3
8 1 22 59
8 2 81 48 63
8 3 25 45 32 78
8 4 26 96 18
8 5 45 56 31
8 6 45 47 80 1
8 7 81 18 1
8 8 15 71 22
8 9 44 18
9 0 60 16
9 1 13 17 44 97
9 2 51 46 42
9 3 47 72
9 4 24 52
9 5 59 25 100 28
9 6 14 76
9 7 41 97 61
9 8 20 0 2
9 9 41 52